{
  "advancedEditorSelectedIdentifier" : "ProjectBrowser",
  "openSceneRelativePaths" : [
    "Immersive.usda"
  ],
  "recentIdentifiers" : {
    "AF09ED6F-1707-48FD-8720-65B998362C09" : [

    ]
  },
  "sceneCameraHistory" : {
    "AF09ED6F-1707-48FD-8720-65B998362C09" : [
      {
        "date" : 709839137.709162,
        "title" : "Untitled",
        "transform" : [
          0.99991250038146973,
          -8.9332446995271653e-10,
          -0.013230289332568645,
          0,
          -0.00867486372590065,
          0.75503706932067871,
          -0.65562474727630615,
          0,
          0.0099893594160676003,
          0.65568208694458008,
          0.7549709677696228,
          0,
          -0.26481252908706665,
          3.4019882678985596,
          2.7893202304840088,
          1
        ]
      },
      {
        "date" : 709839043.863994,
        "title" : "Untitled",
        "transform" : [
          0.99991250038146973,
          -8.9332446995271653e-10,
          -0.013230289332568645,
          0,
          -0.00867486372590065,
          0.75503706932067871,
          -0.65562474727630615,
          0,
          0.0099893594160676003,
          0.65568208694458008,
          0.7549709677696228,
          0,
          0.028355872258543968,
          5.7670674324035645,
          6.1528496742248535,
          1
        ]
      },
      {
        "date" : 709839022.65237105,
        "title" : "Untitled",
        "transform" : [
          0.99991250038146973,
          -8.9332446995271653e-10,
          -0.013230289332568645,
          0,
          -0.00867486372590065,
          0.75503706932067871,
          -0.65562474727630615,
          0,
          0.0099893594160676003,
          0.65568208694458008,
          0.7549709677696228,
          0,
          0.02073219045996666,
          1.4608213901519775,
          1.5668889284133911,
          1
        ]
      },
      {
        "date" : 709839013.41336703,
        "title" : "Untitled",
        "transform" : [
          0.99991250038146973,
          -8.9332446995271653e-10,
          -0.013230289332568645,
          0,
          -0.00867486372590065,
          0.75503706932067871,
          -0.65562474727630615,
          0,
          0.0099893594160676003,
          0.65568208694458008,
          0.7549709677696228,
          0,
          0.01099730096757412,
          0.82215112447738647,
          0.83173221349716187,
          1
        ]
      },
      {
        "date" : 709838997.91146696,
        "title" : "Untitled",
        "transform" : [
          0.99991250038146973,
          -1.9802720574446653e-10,
          -0.013230289332568645,
          0,
          -0.0086748627945780754,
          0.75503712892532349,
          -0.65562474727630615,
          0,
          0.0099893594160676003,
          0.65568208694458008,
          0.75497102737426758,
          0,
          -0.022931531071662903,
          0.3751014769077301,
          0.67906439304351807,
          1
        ]
      },
      {
        "date" : 709838995.64412403,
        "title" : "Untitled",
        "transform" : [
          0.99991250038146973,
          -1.9802720574446653e-10,
          -0.013230289332568645,
          0,
          -0.0086748627945780754,
          0.75503712892532349,
          -0.65562474727630615,
          0,
          0.0099893594160676003,
          0.65568208694458008,
          0.75497102737426758,
          0,
          -0.012258975766599178,
          0.22474358975887299,
          0.57676702737808228,
          1
        ]
      },
      {
        "date" : 709838988.26747203,
        "title" : "Untitled",
        "transform" : [
          0.99991250038146973,
          -1.9802720574446653e-10,
          -0.013230289332568645,
          0,
          -0.0086748627945780754,
          0.75503712892532349,
          -0.65562474727630615,
          0,
          0.0099893594160676003,
          0.65568208694458008,
          0.75497102737426758,
          0,
          0.010850055143237114,
          0.70718556642532349,
          0.81448763608932495,
          1
        ]
      },
      {
        "date" : 709838977.98751295,
        "title" : "Untitled",
        "transform" : [
          0.99991250038146973,
          -4.7712875317351688e-12,
          -0.013230287469923496,
          0,
          -0.0086748618632555008,
          0.75503718852996826,
          -0.6556246280670166,
          0,
          0.0099893594160676003,
          0.6556820273399353,
          0.75497108697891235,
          0,
          0.24650178849697113,
          1.9632120132446289,
          2.8708260059356689,
          1
        ]
      },
      {
        "date" : 709838972.14860594,
        "title" : "Untitled",
        "transform" : [
          0.99999207258224487,
          0,
          -0.0039825332351028919,
          0,
          -0.0028160759247839451,
          0.70710688829421997,
          -0.70710110664367676,
          0,
          0.002816076623275876,
          0.70710670948028564,
          0.70710128545761108,
          0,
          0.034773483872413635,
          0.38233396410942078,
          0.43293598294258118,
          1
        ]
      },
      {
        "date" : 709838958.76250505,
        "title" : "Untitled",
        "transform" : [
          0.99999207258224487,
          0,
          -0.0039825332351028919,
          0,
          -0.0028160759247839451,
          0.70710688829421997,
          -0.70710110664367676,
          0,
          0.002816076623275876,
          0.70710670948028564,
          0.70710128545761108,
          0,
          0.097650617361068726,
          0.57834798097610474,
          0.65029662847518921,
          1
        ]
      }
    ]
  }
}